0.00366300366300366,0.0146520146520147,0.0256410256410256,0.0146520146520147,0.00366300366300366
0.0146520146520147,0.0586080586080586,0.0952380952380952,0.0586080586080586,0.0146520146520147
0.0256410256410256,0.0952380952380952,0.15018315018315,0.0952380952380952,0.0256410256410256
0.0146520146520147,0.0586080586080586,0.0952380952380952,0.0586080586080586,0.0146520146520147
0.00366300366300366,0.0146520146520147,0.0256410256410256,0.0146520146520147,0.00366300366300366

0.111111111111111,0.111111111111111,0.111111111111111,0.111111111111111,0.111111111111111
0.111111111111111,0.111111111111111,0.111111111111111,0.111111111111111,0.111111111111111
0.111111111111111,0.111111111111111,0.111111111111111,0.111111111111111,0.111111111111111
0.111111111111111,0.111111111111111,0.111111111111111,0.111111111111111,0.111111111111111
0.111111111111111,0.111111111111111,0.111111111111111,0.111111111111111,0.111111111111111

0.075,0,0.125,0,0.075
0.075,0,0.125,0,0.075
0.125,0,0.2,0,0.125
0.075,0,0.125,0,0.075
0.075,0,0.125,0,0.075

0,0,0,0,0
0,-2,-2,-2,0
0,-2,16,-2,0
0,-2,-2,-2,0
0,0,0,0,0

-1,-1,-1
-1,8,-1
-1,-1,-1

0.075,0.125,0.075
0.125,0.200,0.125
0.075,0.125,0.075

0,0,0
0,1,0
0,0,-1

-0.125,-0.125,-0.125
-0.125,1,-0.125
-0.125,-0.125,-0.125

0.0585,0.0965,0.0585
0.0965,0.1592,0.0965
0.0585,0.0965,0.0585

//Edge detection
0,-1,0
-1,4,-1
0,-1,0

-1,-1,-1
-1,8,-1
-1,-1,-1

//Sharpen
0,-1,0
-1,5,-1
0,-1,0

//Box blur
0.111111111111111,0.111111111111111,0.111111111111111
0.111111111111111,0.111111111111111,0.111111111111111
0.111111111111111,0.111111111111111,0.111111111111111

//Gaussian blur
0.0625,0.125,0.0625
0.125,0.25,0.125
0.0625,0.125,0.0625

0.00390625,0.015625,0.0234375,0.015625,0.00390625
0.015625,0.0625,0.09375,0.0625,0.015625
0.0234375,0.09375,0.140625,0.09375,0.0234375
0.015625,0.0625,0.09375,0.0625,0.015625
0.00390625,0.015625,0.0234375,0.015625,0.00390625

//Unsharp masking
-0.00390625,-0.015625,-0.0234375,-0.015625,-0.00390625
-0.015625,-0.0625,-0.09375,-0.0625,-0.015625
-0.0234375,-0.09375,1.859375,-0.09375,-0.0234375
-0.015625,-0.0625,-0.09375,-0.0625,-0.015625
-0.00390625,-0.015625,-0.0234375,-0.015625,-0.00390625
